1                     1653  1324  1526  2583  1670  1284  1151  1130  1184  1439  
2 a                   149919 143360 139283 141272 143010 147662 138343 149281 149337 157558 
3 able                1117  1089  1129  995   1219  1112  1098  1108  1121  1237  
4 about               14790 14035 13647 13587 13760 14554 13522 14592 14791 16486 
5 according           2426  2313  2342  2254  2384  2267  2104  2406  2628  2609  
6 across              1283  1412  1239  1123  1427  1378  1389  1549  1545  1725  
7 act                 808   734   739   715   890   971   937   1004  1013  977   
8 actually            878   777   791   819   834   851   768   847   797   985   
9 added               1868  1936  1786  1828  1881  1963  1793  2071  2179  2305  
10 administration      1857  1439  1924  1526  1366  1172  1132  1405  1242  1362  
11 after               9745  9198  8640  8840  9418  9517  8827  9600  10116 10693 
12 again               1544  1619  1533  1535  1611  1659  1539  1655  1655  1729  
13 against             3796  3525  3340  3360  3449  3640  3411  3771  4294  4106  
14 age                 882   873   871   900   923   963   855   954   920   1084  
15 agency              1538  1289  1361  1301  1540  1238  1386  1456  1316  1178  
16 ago                 2437  2417  2173  2123  2128  2150  1921  2194  1999  2141  
17 air                 1023  1011  880   767   972   869   917   1191  839   865   
18 all                 9656  9318  9280  9153  9211  9261  8727  9180  8990  9965  
19 almost              1547  1586  1488  1513  1637  1667  1510  1614  1630  1581  
20 along               1547  1545  1505  1469  1539  1433  1443  1658  1503  1645  
21 already             1670  1628  1691  1661  1665  1655  1566  1648  1690  1728  
22 also                8543  8527  8059  8172  8348  8624  8164  9018  9187  9619  
23 although            1264  1218  1193  1087  1074  1081  984   1105  1009  995   
24 always              1756  1634  1671  1629  1659  1682  1759  1874  1712  2091  
25 america             1522  1467  1524  1335  1362  1298  1330  1256  1367  1611  
26 american            5299  4595  4240  4075  4286  4192  3967  4226  4199  4190  
27 americans           1026  1040  1071  907   955   977   896   922   918   1036  
28 among               2695  2571  2320  2419  2426  2490  2429  2691  2574  2892  
29 an                  23670 22693 21710 22259 22911 23761 21803 24401 23609 25234 
30 and                 138516 135571 131281 132115 135244 138731 131002 140964 136985 143955 
31 angeles             729   842   791   779   714   781   876   824   869   967   
32 announced           1027  1048  886   921   865   890   819   982   1092  995   
33 another             3596  3536  3417  3394  3544  3621  3456  3679  3577  3730  
34 any                 4060  3759  3745  3665  3922  3884  3551  3821  3777  3904  
35 anything            1051  982   1002  947   922   992   985   984   987   1035  
36 april               1003  842   852   958   846   892   1071  984   856   789   
37 are                 21588 21227 21400 20438 21062 21088 19727 21751 20782 21715 
38 area                1221  1218  1147  1118  1275  1096  1054  1230  1179  1269  
39 around              2882  2838  2873  2930  3099  2904  2971  3109  3035  3659  
40 art                 2105  2423  2408  2333  2291  2941  3000  3374  2438  2269  
41 arts                941   1026  1025  963   1332  1457  959   1278  738   578   
42 as                  32666 31615 30394 30462 31471 32536 30455 33997 33841 35771 
43 asked               2026  1916  1797  1708  1803  1869  1680  1770  1840  2059  
44 at                  33750 33463 31076 31911 32328 32848 30981 33013 32190 33692 
45 attention           810   804   718   779   726   865   821   848   840   869   
46 avenue              1408  1490  1201  1273  1069  1148  1260  1251  1118  905   
47 average             1027  874   884   855   854   729   679   824   722   661   
48 away                1774  1819  1747  1728  1772  1804  1711  1821  1856  1982  
49 back                4292  4184  4160  4012  4197  4261  4027  4184  4233  4659  
50 bad                 957   952   1081  942   946   864   825   908   826   874   
51 bank                1493  1833  1867  1676  1844  1562  1516  1339  1945  1440  
52 banks               524   1090  1349  1022  994   806   730   550   764   724   
53 based               1485  1263  1271  1265  1273  1241  1204  1280  1252  1245  
54 be                  22120 21653 21479 21074 21452 21368 20145 21780 21701 23109 
55 became              1353  1306  1225  1274  1360  1436  1319  1447  1513  1577  
56 because             6346  6021  6155  5871  6077  5981  5664  5965  5889  6209  
57 become              1988  1697  1675  1766  1804  1929  1780  1996  1949  2101  
58 been                12121 11768 11338 10933 11967 11113 10764 12338 12173 13021 
59 before              5089  4800  4606  4663  4799  4952  4391  5044  5232  5529  
60 began               1844  1851  1622  1558  1827  1813  1609  1749  1792  1878  
61 behind              1372  1308  1204  1248  1262  1307  1214  1370  1253  1542  
62 being               3473  3382  3323  3226  3420  3461  3165  3542  3447  3763  
63 believe             1149  992   985   930   1032  959   861   881   985   1077  
64 best                2348  2097  2235  2192  2109  2260  2103  2198  2293  2340  
65 better              1975  2018  2086  1940  1952  2016  1877  2012  2059  2091  
66 between             3063  3013  2705  2738  2745  3015  2826  3252  3014  3094  
67 big                 2296  2488  2334  2550  2287  2380  2185  2318  2148  2503  
68 bill                1713  1318  1592  1499  1259  1228  1234  1223  1256  1183  
69 billion             2256  2266  2219  2030  2092  1757  1380  1320  2211  1629  
70 black               1597  1455  1247  1403  1391  1454  1221  1692  1854  2365  
71 board               1394  1196  1087  1220  1287  1190  971   1047  1041  1048  
72 book                1530  1214  1235  1257  1472  1815  1711  1958  1588  1780  
73 both                3047  3132  2795  3033  3089  3249  2949  3250  3230  3298  
74 bring               900   815   831   865   851   815   799   814   814   874   
75 british             1006  814   776   715   658   901   852   866   853   1040  
76 brooklyn            865   1078  823   998   866   1147  1245  1128  1214  1432  
77 brought             831   826   724   800   794   899   852   903   792   945   
78 building            1691  1909  1526  1418  1493  1464  1532  1469  1553  1607  
79 bush                2788  2053  1009  609   418   386   389   412   998   511   
80 business            2717  2437  2505  2319  2434  2280  2067  2165  2492  2423  
81 but                 25674 24524 24799 24707 25029 25716 23681 25981 24818 26744 
82 buy                 991   955   969   851   842   824   712   704   710   728   
83 by                  27802 26674 25061 25642 26338 26982 24967 27177 26291 26746 
84 california          965   838   807   893   786   777   716   797   895   1051  
85 call                1227  1275  1322  1188  1270  1275  1135  1200  1252  1312  
86 called              2768  2631  2493  2451  2674  2799  2491  2647  2687  2920  
87 came                2231  2107  2095  2089  2126  2178  1992  2223  2195  2356  
88 campaign            1556  2671  1202  1467  1515  2222  1258  1724  1603  3190  
89 can                 8997  8640  8975  8631  8841  8827  8347  9067  8790  9815  
90 capital             904   1071  1074  921   989   797   774   867   1092  960   
91 car                 1280  1132  987   1028  979   912   1032  1183  1013  877   
92 care                1524  1290  2065  1629  1461  1618  1458  1648  1434  1500  
93 career              1103  1019  1005  1063  1000  1068  1033  1199  1204  1294  
94 case                2399  1963  2302  2225  2248  2244  2003  2152  2324  2438  
95 cases               890   791   1084  908   974   810   861   981   993   1085  
96 center              3140  3072  3013  2998  3545  3653  2855  3289  2694  2343  
97 central             1117  1160  1030  1029  1385  1244  1155  1279  1387  1146  
98 change              1660  1637  1551  1357  1510  1516  1447  1773  1900  1952  
99 chief               2217  2033  1955  1837  1884  1964  1600  1929  2152  2231  
100 children            2871  2434  2485  2376  2524  2567  2328  2434  2241  2238  
101 china               1705  1271  1338  1367  1258  1613  1772  1758  1621  1752  
102 chinese             987   826   824   939   851   1060  1082  1092  938   1157  
103 church              1168  954   896   938   907   887   860   985   1016  799   
104 city                5003  5163  4253  4246  5060  4579  5105  5269  5154  5527  
105 clear               1086  1043  1143  1086  1142  1154  1154  1166  1216  1225  
106 clinton             1339  2511  670   692   509   492   428   834   1448  4288  
107 close               1216  1273  1214  1222  1220  1206  1161  1270  1328  1389  
108 club                898   857   857   831   836   934   950   873   795   879   
109 coach               1046  1054  988   1232  1015  1134  970   1030  1027  1009  
110 college             1572  1411  1203  1468  1618  1775  1450  1714  1612  1596  
111 come                2449  2390  2472  2257  2452  2366  2233  2411  2340  2731  
112 comes               1074  1022  998   972   924   1103  967   1081  1066  1111  
113 coming              985   975   1004  1023  1106  996   1079  1108  1132  1178  
114 committee           1160  1162  1140  1064  912   888   785   1027  867   949   
115 community           1159  1176  1116  1019  1129  1090  965   1060  1110  1214  
116 companies           2376  2058  2053  2035  1770  1802  1873  1721  2113  1978  
117 company             5413  4762  4437  4614  4105  4340  3811  3943  4383  4226  
118 conference          1163  1109  1100  970   967   1025  1009  962   1049  990   
119 congress            1289  1000  1097  1068  1061  951   933   876   1028  783   
120 continue            834   828   829   730   903   861   839   810   886   860   
121 control             1055  969   922   1033  1093  1052  986   1215  1124  1134  
122 cost                989   1086  1129  1003  1006  954   854   899   906   872   
123 could               6860  6516  6637  6628  6895  6622  6311  6826  6799  7272  
124 countries           1016  772   967   1033  1180  1049  1075  1357  1280  1012  
125 country             2649  2591  2696  2698  3253  2988  2890  3281  3358  3589  
126 county              1069  1051  957   842   990   900   693   745   680   777   
127 couple              757   795   827   848   913   893   890   934   867   1150  
128 course              1335  1196  1313  1161  1205  1243  1113  1122  1099  1258  
129 court               2342  2071  2519  2117  2254  2529  2222  2452  2405  2367  
130 crisis              419   1001  945   941   1146  844   679   886   929   750   
131 current             1012  1020  990   998   997   1063  923   1036  950   974   
132 cut                 1050  1077  1017  961   1150  953   822   847   875   799   
133 d                   1709  1908  1647  1700  1824  1842  1653  1775  1649  1920  
134 data                721   643   769   860   1155  1026  1145  1129  1153  1106  
135 daughter            779   778   824   802   757   922   879   930   871   1050  
136 david               1283  1357  1109  1115  1185  1201  1099  1164  1148  1163  
137 day                 3649  3662  3462  3419  3660  3551  3264  3407  3484  3990  
138 days                2343  2320  1990  2157  2302  2241  1933  2203  2206  2287  
139 de                  784   828   769   784   761   947   1160  1826  5588  2114  
140 deal                1561  1511  1400  1365  1619  1228  1265  1313  1996  1704  
141 death               1240  1095  1119  1173  1204  1250  1202  1411  1560  1560  
142 decades             668   723   716   752   850   891   864   972   961   1067  
143 decision            1245  1146  1243  1162  1157  1179  1066  1309  1373  1233  
144 defense             1061  831   934   893   1000  1007  1070  1041  1114  925   
145 democratic          1076  1384  714   865   685   858   683   993   734   1277  
146 democrats           1212  985   886   1124  816   789   664   909   629   798   
147 department          2142  1820  1637  1676  1724  1709  1519  1818  2055  2019  
148 despite             903   936   914   964   970   943   899   947   1016  1074  
149 development         1072  940   926   860   838   828   840   850   842   802   
150 did                 5127  4718  4573  4580  4862  4862  4351  4636  4919  5279  
151 didn                1400  1517  1401  1420  1524  1635  1511  1527  1489  1829  
152 died                1133  1001  975   1004  1077  1035  1011  1133  1156  1217  
153 different           1569  1595  1687  1529  1668  1730  1602  1772  1712  1918  
154 director            2403  2279  2209  2353  2240  2248  2151  2286  2023  2168  
155 district            1063  950   908   1007  1056  1022  843   916   913   967   
156 do                  6209  5736  6274  5760  6038  6004  5630  5947  6017  6747  
157 does                2114  1964  2016  2066  2032  2021  2004  2052  2003  2189  
158 doesn               1019  1008  959   1036  1066  1070  1049  1112  1054  1260  
159 doing               1287  1120  1264  1203  1246  1255  1188  1276  1276  1407  
160 don                 3432  3362  3407  3497  3586  3619  3244  3505  3388  3941  
161 done                1263  1200  1191  1237  1210  1202  1191  1268  1232  1287  
162 down                3658  3747  3665  3511  3695  3557  3245  3470  3411  3762  
163 dr                  2300  2052  2010  2017  2136  1837  1824  1820  1628  1940  
164 drug                1007  774   935   828   680   885   656   668   747   931   
165 during              3054  2892  2884  2969  3049  3114  2960  3240  3252  3516  
166 each                2421  2440  2312  2302  2412  2434  2179  2511  2304  2429  
167 earlier             1111  1108  1112  1036  1016  1055  916   1011  1015  1067  
168 early               2193  2120  2046  2003  2128  2199  2120  2261  2201  2255  
169 east                1903  1968  1551  1694  1755  1751  1633  1800  1704  1298  
170 economic            920   1571  1676  1428  1529  1545  1391  1369  1310  1348  
171 economy             847   1547  1464  1317  1425  1284  1194  1074  1110  993   
172 education           768   716   776   773   1017  929   955   831   853   875   
173 effort              957   843   873   925   879   856   810   908   872   874   
174 efforts             769   808   825   804   835   847   747   902   894   882   
175 eight               885   913   849   785   838   786   707   874   856   867   
176 election            692   1206  792   951   678   1163  674   1025  720   1705  
177 end                 2477  2451  2523  2323  2514  2408  2296  2464  2584  2493  
178 energy              1125  1203  929   967   895   909   753   996   1028  973   
179 enough              1725  1729  1747  1738  1623  1647  1550  1741  1647  1720  
180 especially          939   1011  969   995   1031  1026  1004  1147  1038  1211  
181 europe              778   767   660   697   990   930   895   991   1289  1117  
182 european            812   910   789   1030  1557  1334  1196  1546  1613  1392  
183 even                5301  5404  5466  5345  5625  5781  5135  5819  5661  6141  
184 ever                1248  1209  1186  1151  1187  1238  1177  1252  1293  1434  
185 every               2532  2400  2431  2388  2371  2505  2232  2407  2389  2592  
186 everyone            891   889   840   870   833   990   821   921   897   998   
187 everything          972   945   898   908   952   981   934   1004  953   1188  
188 evidence            834   730   668   708   924   802   823   874   846   929   
189 example             1050  857   942   935   905   930   846   979   928   925   
190 executive           2063  1865  1811  1726  1675  1599  1495  1823  1834  1805  
191 expected            1443  1407  1311  1195  1285  1227  1171  1195  1427  1184  
192 experience          867   871   891   844   882   896   915   952   871   1068  
193 face                1189  1124  1123  1130  1154  1162  1097  1178  1226  1305  
194 fact                1080  943   970   932   973   956   885   957   1030  1024  
195 fall                945   1035  959   881   922   910   856   858   868   905   
196 family              2515  2236  2186  2394  2587  2588  2378  2877  2657  2831  
197 fans                810   786   907   918   680   903   851   816   961   842   
198 far                 1904  1929  1965  1939  2107  1927  1841  2074  2126  2097  
199 father              1575  1465  1330  1540  1403  1747  1558  1683  1719  1887  
200 federal             2290  2069  2194  2108  2283  1806  1884  1996  2009  2111  
201 feel                1219  1256  1223  1184  1205  1311  1262  1405  1318  1606  
202 felt                819   897   778   789   886   961   852   920   864   1068  
203 few                 2907  2691  2776  2644  2711  2781  2562  2860  2770  3053  
204 field               1069  1129  1148  1079  1115  1134  945   1117  1184  1072  
205 film                1736  1451  1239  1629  1359  1596  1560  1582  1265  1440  
206 final               1145  1164  1207  1188  1195  1207  1113  1277  1278  1312  
207 financial           1396  2143  1973  1792  1670  1599  1281  1244  1664  1532  
208 find                1662  1606  1680  1568  1540  1578  1575  1684  1661  1909  
209 firm                1058  1080  974   944   871   830   715   768   1011  1133  
210 first               8086  7341  7444  7399  7108  7520  7159  7637  7576  7995  
211 five                2387  2156  1894  2082  2122  1958  1845  2017  2089  2065  
212 food                1310  1479  1285  1135  1463  1380  1089  1097  1213  1297  
213 for                 54203 52053 50890 51088 51507 52219 48062 52824 52103 54549 
214 force               1006  918   916   841   990   1041  877   1171  1181  1060  
215 foreign             1112  985   906   819   1003  996   956   1060  1134  982   
216 former              3019  2567  2498  2582  2663  2727  2413  2806  2887  3087  
217 found               2498  2272  2129  2132  2328  2257  2002  2420  2430  2676  
218 four                2813  2638  2546  2626  2567  2658  2331  2608  2600  2502  
219 free                1760  1752  1843  1909  1886  2010  1712  1834  1515  1293  
220 french              787   762   695   772   863   968   1139  997   1285  999   
221 friday              1764  2372  2140  2105  2300  2053  1914  1838  2065  1753  
222 friends             1125  1068  892   892   1154  1104  954   1109  1063  1258  
223 from                25689 24704 23410 23461 24008 24531 23172 25493 24577 26571 
224 front               956   922   980   861   946   934   846   1057  987   959   
225 full                1078  1078  1046  1090  1100  1173  1093  1110  1169  1131  
226 future              962   997   1054  1013  1066  1118  1094  1132  1102  1208  
227 gallery             721   732   692   648   839   1138  923   1153  675   493   
228 game                2955  2868  2889  3255  2828  3139  3093  3247  3624  2884  
229 games               1663  1775  1547  1684  1477  1826  1597  1856  1719  1554  
230 gave                1141  1164  1077  1003  1054  1056  1014  1121  1025  1034  
231 general             2427  1647  1650  1673  1570  1483  1389  1879  1595  1577  
232 get                 4471  4356  4390  4286  4285  4265  4051  4149  4127  4636  
233 getting             1113  1142  1203  1087  1117  1137  1069  1080  1043  1169  
234 give                1599  1447  1442  1405  1395  1425  1360  1388  1444  1363  
235 given               1318  1413  1336  1337  1289  1443  1322  1460  1408  1511  
236 global              932   839   886   759   828   790   805   1028  1058  1111  
237 go                  2994  2928  3008  2796  2925  2823  2682  2786  2929  3170  
238 going               3674  3574  3649  3388  3272  3402  3154  3237  3172  3727  
239 good                3312  3147  3283  3024  3026  3202  2920  2918  2932  3274  
240 got                 2189  2016  1967  1951  1971  2015  1866  1850  1851  2141  
241 government          3901  3833  4242  4252  5314  4265  4103  4408  4524  3953  
242 great               1841  1766  1864  1698  1738  1791  1816  1912  1821  2039  
243 group               3442  3422  3006  3096  3327  3389  3194  3542  3450  3304  
244 groups              953   982   990   976   1066  1084  1082  1291  1103  1108  
245 growth              806   713   602   831   1024  898   964   1010  943   824   
246 had                 19531 18200 16832 17099 18203 18142 16731 18496 19450 20864 
247 half                1601  1530  1476  1430  1490  1354  1379  1376  1426  1366  
248 hall                997   1022  990   968   1016  1124  913   1120  1042  874   
249 hand                908   898   893   910   958   999   810   905   845   844   
250 hard                1440  1527  1540  1412  1404  1456  1331  1424  1356  1457  
251 has                 21055 20681 20241 20001 20044 20043 19016 22141 21384 22963 
252 have                23400 22194 22699 21259 22791 21753 20869 22871 22793 23880 
253 having              1453  1392  1320  1265  1220  1420  1280  1352  1426  1550  
254 he                  44350 41685 38428 40056 40268 43109 39553 41343 41915 46381 
255 head                1315  1168  1134  1175  1349  1371  1165  1310  1305  1367  
256 health              2130  1661  2908  1846  1947  1903  1854  2179  1823  1845  
257 held                1287  1198  1134  1137  1177  1193  1076  1189  1250  1226  
258 help                2185  2205  2187  2129  2206  2109  1881  2257  2190  2317  
259 helped              925   967   940   1038  1032  1045  957   1007  995   1066  
260 her                 12119 11654 10476 10767 10506 11682 10511 12919 12509 15445 
261 here                3918  3647  3562  3478  3437  3659  3356  3457  3430  3967  
262 high                2371  2275  1987  2260  2392  2285  1977  2134  2098  2154  
263 him                 6752  6331  5969  6167  6288  6688  6046  6546  6723  7848  
264 himself             1282  1286  1054  1189  1262  1293  1132  1227  1232  1458  
265 his                 29291 27830 24848 26843 26814 29757 27401 28617 28922 32529 
266 history             1575  1461  1385  1507  1553  1664  1644  1694  1726  2057  
267 hit                 1367  1198  1178  1355  1230  1116  1061  1198  1221  1208  
268 home                4095  3572  3413  3302  3341  3297  3060  3345  3555  3727  
269 hope                798   842   1009  769   769   792   747   797   733   907   
270 hours               1721  1462  1319  1106  1155  1127  1062  1230  1136  1261  
271 house               4082  3338  3636  3670  3499  3131  3054  3132  2953  3015  
272 how                 4887  4757  5138  4903  5012  5218  4873  5345  5312  6260  
273 however             1133  1148  1005  1089  1143  1158  1042  1169  1223  1148  
274 human               1037  900   1027  834   1237  1069  1044  1153  1235  1145  
275 i                   26814 24500 25474 22397 24332 25908 25058 25828 24570 31491 
276 idea                1018  1021  1013  1022  954   1024  973   1100  1000  1184  
277 if                  9293  9053  9237  9073  9118  9058  8333  9085  8950  9843  
278 important           1326  1256  1349  1250  1303  1335  1261  1338  1383  1487  
279 in                  119539 115143 109486 111247 113460 116277 109396 120355 120279 127225 
280 include             949   1023  974   1014  968   967   1002  1057  1031  1004  
281 included            781   765   798   829   809   876   756   871   891   894   
282 including           3092  3020  2865  2961  3236  3102  2960  3414  3561  3481  
283 increase            1056  797   813   900   992   785   743   815   907   746   
284 industry            1274  1425  1378  1332  1235  1200  1027  1161  1253  1272  
285 information         1511  1122  1198  1177  1320  1136  1078  1218  1291  1279  
286 inside              898   791   773   736   794   824   841   834   881   922   
287 instead             1103  1164  1159  1167  1200  1277  1164  1232  1207  1323  
288 interest            1031  1017  1004  1007  968   945   938   966   1052  982   
289 international       1537  1463  1536  1504  1715  1522  1486  1755  1786  1543  
290 interview           1291  1124  1127  1190  1155  1146  1114  1293  1313  1545  
291 into                7926  7554  7303  7457  7640  7555  7222  7839  7645  8523  
292 is                  46775 46101 45153 45031 45056 45889 44178 48282 46199 49444 
293 island              1180  1099  988   882   1034  1034  860   1147  1011  1175  
294 issue               1317  1081  1112  1065  1067  1178  1041  1107  1226  1068  
295 issues              928   904   920   841   861   927   818   920   1002  933   
296 it                  42293 40859 40846 40701 41824 42780 39905 43687 42240 47064 
297 its                 12425 12375 11864 11930 11899 11935 11599 12823 12774 12410 
298 itself              776   759   807   760   783   808   780   864   912   960   
299 j                   1180  1060  1029  997   867   938   991   917   958   1584  
300 james               905   881   742   1067  838   1007  849   848   887   925   
301 jersey              1170  1135  1015  943   779   871   619   715   572   678   
302 job                 1569  1591  1752  1513  1496  1502  1345  1496  1474  1517  
303 jobs                678   922   1065  1041  1050  1055  745   816   785   967   
304 john                1901  1928  1628  1541  1468  1630  1478  1482  1620  1577  
305 judge               1141  816   1586  938   979   924   918   1015  1098  1098  
306 july                1165  862   835   987   1090  1074  769   944   796   914   
307 june                1186  1162  1044  1055  1193  1355  1045  1078  924   970   
308 just                6246  6378  6222  6298  6438  6489  6145  6633  6607  7450  
309 justice             881   758   981   848   862   946   740   988   1168  1265  
310 keep                1464  1414  1441  1515  1438  1418  1369  1471  1400  1476  
311 killed              1152  855   782   869   1072  871   917   1027  1111  1042  
312 kind                1551  1478  1411  1438  1487  1443  1464  1568  1385  1634  
313 know                3026  2802  3050  2659  2758  2784  2666  2727  2713  3211  
314 known               1696  1567  1619  1649  1655  1814  1762  1905  2105  2179  
315 large               1450  1371  1417  1371  1427  1339  1198  1371  1464  1408  
316 last                8838  7839  7713  7783  7848  7584  7181  7635  7908  7620  
317 late                1528  1444  1427  1310  1436  1377  1364  1426  1465  1536  
318 later               2114  2006  1939  2082  2249  2203  2003  2247  2308  2680  
319 law                 2054  1744  2074  2319  2589  2709  2216  2492  2545  2752  
320 lawyer              1023  938   809   859   808   913   802   884   844   969   
321 lead                1446  1448  1337  1256  1390  1394  1304  1321  1371  1463  
322 leader              916   877   811   853   975   959   912   950   976   960   
323 leaders             1076  1028  1055  1044  1339  1255  994   1181  1368  1107  
324 league              1216  1119  1233  1222  1212  1215  1146  1427  1430  1259  
325 least               2067  2059  1927  1967  2126  1894  1892  2053  2056  2076  
326 leave               823   718   680   734   806   801   736   902   821   1154  
327 led                 1395  1363  1194  1394  1413  1454  1261  1459  1498  1484  
328 left                2588  2330  2224  2256  2303  2359  2230  2336  2422  2521  
329 legal               919   692   945   887   972   967   838   1033  1023  1057  
330 less                2115  2343  2227  2109  2249  2260  2125  2261  2174  2250  
331 let                 1196  1109  1222  1167  1137  1084  1172  1066  1143  1385  
332 life                2807  2459  2378  2617  2609  2873  2701  3009  2797  3189  
333 like                10403 9883  9901  10100 10023 10542 9886  10203 9640  11393 
334 likely              1147  1078  1098  1090  1206  1169  1085  1250  1252  1334  
335 line                1331  1408  1314  1431  1304  1447  1478  1498  1515  1433  
336 little              2926  2757  2576  2601  2719  2795  2497  2734  2510  2642  
337 live                1226  1130  1086  1123  1204  1263  1234  1336  1194  1509  
338 lives               946   870   815   834   860   908   873   1022  1085  1190  
339 living              981   960   874   890   968   1019  964   1037  968   1169  
340 ll                  1081  1127  1139  1195  1199  1175  1157  1186  1152  1451  
341 local               1571  1557  1569  1494  1575  1460  1401  1598  1475  1555  
342 london              857   761   659   556   608   1008  822   909   842   1126  
343 long                3401  3403  3104  3137  3332  3332  3174  3425  3309  3505  
344 look                1859  1775  1837  1744  1635  1796  1639  1676  1723  2019  
345 looking             1089  1171  1191  989   1091  1105  1062  1083  1117  1245  
346 los                 766   867   795   797   733   804   864   899   2007  1254  
347 lost                1418  1422  1421  1372  1321  1471  1299  1406  1284  1431  
348 lot                 2040  1943  2085  1950  1996  1909  1984  2072  1974  2210  
349 love                1244  1155  1137  1358  1135  1345  1468  1445  1532  1729  
350 lower               878   927   863   858   766   773   658   820   893   720   
351 m                   2913  2943  2819  2844  2960  3056  2749  3022  2859  3409  
352 made                4753  4462  4374  4474  4333  4541  4307  4679  4681  4922  
353 main                978   985   1008  982   1160  1137  1146  1164  945   776   
354 major               1722  1656  1545  1569  1601  1520  1470  1531  1680  1500  
355 make                4403  4134  4404  4074  4192  4296  3997  4221  4257  4463  
356 makes               1174  1123  1146  1113  1122  1217  1134  1231  1037  1218  
357 making              1744  1675  1640  1562  1612  1778  1703  1825  1705  1895  
358 man                 2266  2052  1813  1921  1918  2166  2013  2124  2291  2525  
359 manager             1043  1004  958   962   918   935   805   820   857   829   
360 manhattan           1335  1496  1101  1224  1046  1176  1055  1124  1138  1320  
361 many                5715  5864  6013  5696  6109  5978  5649  6082  6384  6637  
362 march               1188  1112  879   1127  1380  1248  1158  1420  1336  962   
363 market              2249  2326  1972  2107  1909  1705  1593  1698  1785  1554  
364 matter              902   813   797   835   790   800   782   886   887   986   
365 may                 4468  4307  4418  4275  4319  4301  4123  4477  4319  4523  
366 me                  4189  3831  3999  3619  3871  4268  4033  4205  3979  5202  
367 media               1091  1012  1019  1130  1175  1321  1195  1477  1528  1955  
368 medical             982   848   962   909   992   962   954   1000  949   1027  
369 meeting             1194  1101  1023  937   993   1081  902   991   1104  937   
370 member              826   843   709   806   880   908   777   921   846   908   
371 members             2102  2206  2076  2235  2405  2186  1980  2142  1837  1901  
372 men                 1913  1687  1533  1721  1909  1909  1610  2048  2031  1996  
373 met                 985   1051  881   878   848   1079  1053  1070  1031  1309  
374 michael             1176  1005  916   945   897   1006  943   997   945   869   
375 middle              885   786   680   702   868   939   791   822   894   875   
376 might               2712  2815  2682  2810  2747  2781  2637  2801  2818  2948  
377 military            2031  1461  1414  1351  2050  1813  1682  1857  1610  1288  
378 million             4607  4468  4457  4180  3572  3499  3349  3488  3548  3686  
379 minister            977   816   738   808   1118  1071  1045  1100  1262  1023  
380 minutes             1561  1167  1100  1200  1183  1042  1053  1076  921   1083  
381 moment              729   807   749   735   821   875   873   879   871   1009  
382 monday              1555  2049  1837  1747  1902  1706  1650  1738  1871  1791  
383 money               2511  2753  2973  2576  2564  2789  2083  2269  2202  2107  
384 month               2112  2005  2042  2161  1987  2032  1873  1997  2109  1981  
385 months              2077  2065  1938  1873  2025  1889  1688  1858  1991  1951  
386 more                14164 14022 13997 13556 14057 13930 12889 14504 14291 14829 
387 morning             975   972   747   761   830   807   815   880   1019  1189  
388 most                6560  6152  6142  6345  6395  6562  6080  6756  6468  6953  
389 mother              1377  1315  1215  1252  1263  1516  1346  1451  1418  1738  
390 move                1230  1232  1154  1131  1321  1282  1125  1231  1354  1393  
391 moved               868   878   804   865   895   920   806   934   879   1021  
392 movie               900   875   846   867   697   984   917   958   834   875   
393 mr                  32665 32413 26263 27301 28093 30430 25415 28325 29301 36148 
394 mrs                 1221  2004  969   652   821   639   485   624   1068  2643  
395 ms                  7124  6763  6169  7274  6807  7001  6272  7909  6991  8496  
396 much                4565  4422  4516  4537  4474  4531  4166  4516  4383  4654  
397 museum              1480  1986  2006  1937  1822  2256  2068  2627  1518  1564  
398 music               2310  1914  2154  2161  1825  2096  2120  2134  1648  1979  
399 must                1217  1328  1288  1240  1292  1333  1202  1308  1383  1195  
400 my                  6459  5687  5737  5081  5788  6171  6166  6603  6032  7702  
401 name                1424  1448  1217  1242  1346  1477  1391  1486  1400  1740  
402 nation              957   1010  1011  947   1058  872   824   804   846   1024  
403 national            2691  2500  2389  2252  2375  2558  2299  2772  2624  2995  
404 near                1270  1224  1144  1102  1163  1075  1134  1296  1274  1240  
405 nearly              1436  1494  1372  1476  1456  1541  1373  1509  1510  1646  
406 need                1999  2008  2144  2031  2126  2096  2018  2091  2165  2214  
407 needed              879   869   895   929   861   960   920   887   925   847   
408 never               2786  2548  2498  2638  2510  2697  2478  2728  2651  3028  
409 new                 14916 14687 13556 13894 13174 13985 13396 13846 13508 14197 
410 news                2260  2331  2292  2064  2564  2245  2137  2299  2518  2994  
411 next                3107  2991  2920  2919  2813  2889  2913  2895  2882  2896  
412 night               2675  2431  2183  2301  2164  2421  2057  2214  2256  2568  
413 no                  8553  7959  7876  7555  7975  7809  7335  7799  8073  7951  
414 north               1751  1456  1450  1274  1646  1502  1714  1679  1302  1744  
415 not                 22914 21629 21524 21161 22223 22136 20842 22403 22646 23176 
416 nothing             1126  1074  1032  1037  1062  1066  1030  1106  1056  1135  
417 now                 6211  6318  6321  6024  6189  6032  5695  6122  6150  6581  
418 number              1823  1621  1585  1483  1595  1594  1483  1706  1773  1674  
419 obama               520   4502  4107  2441  2399  3127  2226  2501  2426  2669  
420 of                  146549 140447 134401 135704 139909 140978 132925 148075 143478 151618 
421 off                 3564  3474  3520  3599  3547  3594  3139  3458  3506  3686  
422 offer               940   889   896   822   750   720   710   749   832   818   
423 office              2125  2175  2098  1939  1863  1891  1904  2151  1926  2094  
424 officer             802   726   643   750   797   812   703   1074  1180  1081  
425 officers            753   692   626   685   786   862   625   1073  1306  1201  
426 official            1209  1003  1048  1026  1206  1178  1127  1190  1239  963   
427 officials           3587  2864  3033  2861  3173  2853  2769  3038  3212  2848  
428 often               1962  1965  2046  2067  2181  2284  1993  2325  2156  2465  
429 oil                 1257  1347  807   1180  998   862   766   924   1059  842   
430 old                 1848  1696  1628  1616  1546  1619  1512  1648  1433  1543  
431 on                  43709 44772 42158 42902 43567 44752 41815 45008 46129 49747 
432 once                1864  1902  1799  1849  1940  1984  1988  1993  1935  2197  
433 one                 13886 13370 12956 13282 13748 13733 13000 14165 13685 14720 
434 online              751   686   758   791   860   800   788   923   1041  1059  
435 only                6071  5423  5462  5456  5671  5724  5250  5846  5777  5777  
436 open                1703  1731  1611  1605  1658  1592  1497  1581  1733  1764  
437 or                  14504 13688 13749 13904 14233 14308 12968 14555 14216 15486 
438 other               8308  7961  7896  7854  8134  8166  7555  8194  8248  8376  
439 others              1716  1562  1597  1596  1742  1697  1543  1686  1738  1888  
440 our                 4531  4371  4413  3868  4252  4266  4425  4405  4570  5326  
441 out                 9592  9357  9298  9035  9325  9408  8811  9419  9282  10032 
442 outside             1276  1178  1055  1062  1212  1252  1121  1265  1268  1421  
443 over                6860  6784  6483  6864  7017  6927  6370  7109  7305  7772  
444 own                 3045  2932  2768  2998  2925  3204  2864  3167  3193  3410  
445 paid                839   758   968   883   764   812   652   793   803   808   
446 parents             962   912   867   904   949   1082  951   1032  959   964   
447 park                1610  1583  1530  1386  1460  1677  1486  1436  1267  1404  
448 part                3383  3243  3221  3336  3237  3338  3132  3586  3465  3510  
449 party               1857  2182  1397  1936  2033  2444  1870  2159  2185  2953  
450 past                1857  1679  1572  1646  1735  1694  1688  1881  1901  1964  
451 pay                 1581  1467  1731  1595  1405  1370  1311  1453  1559  1519  
452 people              8172  8350  8137  7816  8825  8247  7470  8426  9062  10354 
453 percent             5722  5799  5635  5606  5676  5023  4358  5256  5068  4808  
454 performance         1027  991   1038  1025  884   1006  944   967   926   839   
455 perhaps             1095  999   1040  1089  1095  981   1021  1081  1052  1163  
456 person              1007  975   963   934   1069  1053  940   1041  1165  1301  
457 personal            838   816   768   753   751   808   758   791   919   975   
458 place               2516  2382  2189  2200  2214  2401  2218  2419  2285  2504  
459 plan                1711  1548  1753  1196  1465  1397  1174  1276  1385  1394  
460 plans               1089  1145  1147  945   946   962   1003  999   1089  1042  
461 play                2557  2339  2506  2517  2178  2462  2204  2435  2286  2152  
462 played              1468  1350  1412  1417  1401  1488  1485  1550  1419  1356  
463 player              932   841   950   1027  827   947   931   1045  881   862   
464 players             1618  1480  1583  1671  1749  1805  1592  1996  1706  1550  
465 playing             1188  1060  1137  972   995   1184  1083  1124  1088  1128  
466 point               1803  1756  1726  1842  1962  1918  1774  1921  1865  2005  
467 points              1591  1590  1472  1622  1491  1531  1531  1377  1587  1464  
468 police              2768  2011  1830  1710  2513  2545  2024  3085  3495  3572  
469 policy              1245  1136  1149  1242  1244  1329  1259  1332  1585  1564  
470 political           2225  2229  1686  2071  2441  2629  2082  2603  2323  2645  
471 possible            941   946   909   898   952   952   948   1040  990   1050  
472 power               1537  1470  1390  1553  1854  1865  1557  1796  1680  1829  
473 president           4831  4011  4314  3755  3952  4091  3812  4151  4026  4372  
474 price               1230  1343  1086  1050  972   835   841   947   1052  953   
475 prices              1164  1538  1031  886   1016  736   639   782   978   686   
476 private             1495  1170  1172  1078  1280  1108  982   1030  1183  1205  
477 probably            1170  1057  1074  1065  1033  1021  984   955   959   1049  
478 problem             1124  1084  1056  1032  1086  934   978   1154  1069  1054  
479 problems            1084  1038  977   993   1013  975   878   940   824   844   
480 process             937   900   935   1003  1061  1060  908   1085  1126  1157  
481 production          1002  963   959   991   836   866   797   867   722   794   
482 professor           868   802   786   855   934   872   918   979   873   966   
483 program             2155  1966  2288  1995  1929  2138  1935  1814  1854  1515  
484 project             992   1066  994   1000  898   1048  1073  1035  875   1102  
485 public              3109  2782  3020  2893  3491  3404  3017  3276  3310  3488  
486 put                 2205  2139  2142  2017  2134  2026  1875  2090  1995  2159  
487 question            1159  1086  1186  1018  996   948   930   1120  1146  1216  
488 questions           887   859   892   811   857   929   872   904   1022  1132  
489 race                906   1280  936   934   838   1050  652   1138  951   1276  
490 rate                870   816   840   906   794   808   722   832   807   771   
491 rather              1112  1041  980   1009  1135  1079  1009  1167  1073  1143  
492 re                  3516  3564  3623  3641  3641  3789  3496  3546  3675  4187  
493 real                1796  1782  1733  1585  1608  1589  1464  1623  1590  1738  
494 really              2081  1983  2184  2020  2183  2224  2054  2229  2133  2557  
495 received            1174  1104  1173  1053  1070  1120  1020  1087  1073  1253  
496 recent              2034  2195  2073  2033  2141  2227  2227  2388  2390  2402  
497 recently            1376  1318  1435  1300  1348  1416  1262  1562  1377  1438  
498 record              1301  1133  1070  1087  959   1111  967   1049  1098  1081  
499 red                 1059  1195  1008  1083  890   982   1001  948   901   956   
500 released            931   788   843   959   924   819   829   965   971   1124  
501 report              1736  1308  1443  1367  1564  1388  1216  1643  1460  1513  
502 reported            1306  1159  1066  993   1050  804   745   908   954   993   
503 republican          1268  1449  928   1293  1477  1594  1063  1423  1523  2205  
504 republicans         758   712   694   999   1180  1063  920   924   860   1034  
505 research            1268  1173  1176  1137  1204  1174  1121  1204  1157  1312  
506 return              1061  954   991   958   1022  912   898   951   971   987   
507 right               2758  2624  2847  2643  2660  2539  2607  2670  2707  2707  
508 rights              962   824   1065  931   1196  1188  1162  1314  1466  1262  
509 road                1155  1140  1083  1040  1072  1138  1040  1013  803   727   
510 role                1178  1081  1094  1046  1053  1116  1053  1262  1251  1314  
511 room                1636  1633  1540  1409  1475  1628  1526  1420  1580  1768  
512 rose                915   820   721   906   991   776   773   666   804   682   
513 run                 1967  1990  1905  2024  1924  1765  1639  1780  1879  1807  
514 running             1148  1213  1018  1097  963   989   903   1038  1041  1146  
515 s                   54727 55018 52612 55096 55597 59377 55039 60073 58664 66266 
516 said                43796 41917 38418 37425 39409 37123 33632 36534 38108 38841 
517 sales               1301  1159  1532  1302  1138  1073  915   1007  1083  894   
518 same                2646  2620  2405  2525  2620  2675  2478  2811  2640  2865  
519 san                 936   925   865   1014  1068  965   870   861   795   999   
520 saturday            1330  1880  1754  1681  1631  1763  1567  1581  1624  1249  
521 saw                 884   880   830   785   869   887   818   886   919   1066  
522 say                 4193  3804  3986  3724  4050  3778  3484  3533  3622  3749  
523 saying              1354  1392  1313  1295  1375  1427  1242  1322  1324  1472  
524 says                2348  2071  2081  2381  2072  2062  1567  1726  1530  1792  
525 school              3124  2881  2764  2804  3238  3066  2637  2788  2765  2873  
526 schools             832   720   780   947   1013  901   798   794   859   686   
527 season              2725  2566  2656  2522  2254  2560  2566  2516  2741  2756  
528 second              2745  2460  2563  2437  2321  2308  2272  2418  2411  2285  
529 security            1901  1546  1325  1542  1864  1559  1721  1681  1809  1832  
530 see                 2705  2675  2661  2717  2496  2753  2609  2871  2993  3400  
531 seem                866   910   859   959   863   902   812   878   748   872   
532 seemed              1096  1175  1084  1115  1179  1220  993   1057  1066  1182  
533 seems               1155  1114  1074  1113  1131  1120  1036  1106  1011  1157  
534 seen                1192  1200  1178  1100  1165  1171  1198  1306  1292  1467  
535 senate              1183  870   1196  1252  818   717   876   857   611   745   
536 senior              1150  1137  1062  1096  1107  1063  989   1083  1002  931   
537 sense               1049  951   1012  979   1012  1030  929   1074  975   1145  
538 sent                882   778   745   841   834   789   681   825   853   909   
539 series              1805  1611  1572  1706  1445  1785  1723  1752  1821  1955  
540 service             1424  1318  1381  1224  1206  1291  1193  1348  1264  1365  
541 services            1073  929   1004  934   1121  921   879   887   1061  961   
542 set                 2340  2082  2124  2144  2120  2295  2194  2324  2331  2339  
543 seven               964   935   923   903   937   1007  856   970   992   910   
544 several             2422  2400  2189  2206  2337  2293  2083  2279  2405  2304  
545 share               1168  1087  1004  840   932   876   834   803   919   874   
546 she                 13509 13714 12459 12704 12954 13624 12175 14666 13984 17317 
547 short               954   985   837   901   924   916   790   859   842   892   
548 shot                955   915   759   924   905   1006  905   953   1177  1139  
549 should              3066  2813  3116  2787  2899  2967  2842  3026  3162  3205  
550 show                3158  2975  2860  3378  2715  3205  3044  3489  2963  3530  
551 shows               991   922   954   950   846   907   870   989   867   1125  
552 side                1468  1520  1435  1546  1387  1364  1355  1470  1420  1507  
553 similar             827   808   802   795   854   786   757   892   851   865   
554 since               3999  3874  3650  3730  3774  3600  3641  3940  3832  3939  
555 single              832   726   768   767   775   813   805   815   862   892   
556 site                1569  1379  1361  1220  1219  1215  1096  701   704   745   
557 six                 1758  1506  1449  1524  1496  1465  1368  1519  1557  1529  
558 small               1902  1969  1886  1882  1843  1770  1832  1844  1709  1757  
559 so                  8174  8002  8507  8166  8322  8244  8003  8371  8001  9321  
560 social              920   862   803   1015  1136  1174  1239  1303  1477  1726  
561 some                8781  8577  8888  8454  8553  8802  8127  8791  8650  8944  
562 someone             969   922   893   939   962   1003  972   960   935   1173  
563 something           2194  2103  2101  2085  2261  2352  2151  2256  2240  2553  
564 sometimes           1068  997   1088  1149  1100  1235  1105  1192  1090  1158  
565 son                 1208  1116  1035  1129  1124  1317  1139  1242  1317  1427  
566 soon                966   934   903   904   953   924   879   964   1018  1020  
567 south               1649  1750  1542  1739  1870  1750  1809  1960  1610  1537  
568 space               1151  1115  1178  1127  1052  1076  1030  1129  1101  1195  
569 special             907   833   804   839   847   827   773   793   792   867   
570 spending            721   767   967   995   1319  1047  988   703   741   585   
571 spent               1003  1012  963   1036  1010  1068  864   1023  993   1090  
572 spokesman           1140  964   834   903   855   746   698   725   751   722   
573 staff               868   846   848   878   804   779   729   827   701   828   
574 stage               910   861   750   819   830   846   681   845   694   784   
575 start               1643  1435  1548  1546  1496  1355  1432  1462  1510  1619  
576 started             1276  1311  1243  1199  1323  1279  1338  1287  1384  1460  
577 state               5511  4956  4457  4504  4983  5134  4236  5604  5956  5925  
578 statement           1125  989   1041  1156  1089  1077  1052  1234  1451  1490  
579 states              4445  4428  4230  4217  4346  4348  3913  4785  4757  4921  
580 still               4089  4223  4310  4318  4322  4307  3869  4371  4304  4544  
581 stop                846   807   726   749   714   791   782   878   875   894   
582 story               1236  1114  1147  1226  1126  1426  1357  1531  1364  1668  
583 street              4669  4933  3804  4561  3559  3881  3552  3536  3267  2887  
584 strong              993   934   825   918   968   911   856   965   1080  937   
585 students            1522  1389  1348  1550  1752  1710  1434  1522  1330  1478  
586 study               1027  1026  814   890   941   936   726   843   942   972   
587 such                2496  2145  2307  2143  2273  2268  2261  2772  2776  2797  
588 summer              1149  1144  1018  1106  1015  1104  1027  1060  1022  1170  
589 sunday              1807  2296  1913  2105  1993  2114  1890  1851  1837  1626  
590 support             1431  1539  1368  1500  1509  1547  1331  1569  1623  1755  
591 sure                1019  969   1049  919   936   949   886   972   895   976   
592 system              1766  1617  1780  1701  1825  1720  1863  1673  1645  1806  
593 t                   10519 10775 10596 10828 11150 11473 10704 11205 10948 13042 
594 take                3185  3155  3119  3048  3145  3154  2928  2993  3030  3251  
595 taken               1221  1136  1009  1060  1148  1122  1007  1311  1241  1317  
596 taking              1291  1171  1219  1159  1172  1108  1110  1197  1186  1289  
597 talk                957   944   916   835   874   881   857   812   830   995   
598 tax                 1203  1073  1160  1762  1365  1461  1039  960   1197  1210  
599 team                2772  2986  2784  2958  2714  3014  2897  3403  3257  3167  
600 teams               754   772   854   852   761   765   763   923   903   812   
601 technology          742   717   788   759   861   795   829   890   862   968   
602 television          1400  1343  1222  1185  1159  1164  1065  1116  1015  1215  
603 tell                949   814   790   850   864   917   815   849   812   1047  
604 than                9960  9782  9571  9360  9539  9177  8669  9808  9405  9771  
605 that                69776 65897 66054 64696 67668 67397 63300 68298 68867 72821 
606 the                 333453 321393 306704 311329 317781 319046 301366 328618 324688 336751 
607 theater             2396  2124  1860  2333  2201  2102  1628  1658  1285  1046  
608 their               14393 14516 13953 13779 14607 14243 13115 14606 14636 15240 
609 them                7116  6713  6635  6548  6961  7081  6346  6951  6959  7520  
610 themselves          986   972   858   871   961   895   814   922   903   1023  
611 then                4725  4480  4420  4544  4582  4672  4336  4607  4462  4877  
612 there               11006 10750 10667 10450 11146 11160 10344 11220 10867 11907 
613 these               3666  3583  3593  3436  3467  3750  3558  3911  3901  4329  
614 they                20030 19956 19635 19350 20578 20155 18229 19415 19341 20564 
615 thing               1453  1336  1374  1335  1373  1387  1329  1352  1367  1607  
616 things              1846  1850  1844  1912  2059  2019  1896  2020  1934  2270  
617 think               3384  3181  3194  2817  2894  2890  2785  2896  3066  3616  
618 third               1598  1487  1517  1529  1394  1405  1415  1455  1501  1467  
619 this                17935 17448 17106 17241 16512 17350 16551 18385 18342 19762 
620 those               4685  4721  4677  4569  4830  4869  4627  4928  4958  5283  
621 though              2401  2213  2278  2489  2598  2574  2329  2515  2515  2620  
622 thought             1457  1276  1265  1255  1280  1265  1285  1298  1252  1423  
623 three               4791  4460  4159  4291  4296  4367  3775  4368  4196  4127  
624 through             6054  6235  6443  6026  6802  7358  6944  6748  5320  4815  
625 thursday            1655  2194  1947  2151  2045  1979  1675  1771  1952  1812  
626 time                7171  7337  7140  6788  6965  7094  6677  7375  7118  7829  
627 times               1977  2185  2406  2114  2052  2150  1971  2200  2384  2780  
628 to                  141238 134709 132918 130253 136591 137045 128624 139995 138754 146099 
629 today               2352  1233  1227  1148  1176  1226  1158  1458  1619  1712  
630 together            1167  1204  1054  1125  1110  1264  1343  1325  1235  1403  
631 told                2587  2378  2265  2250  2337  2442  2260  2437  2542  2828  
632 too                 3137  2976  3092  2857  2922  2929  2719  3044  2909  3248  
633 took                2152  2138  2056  2053  2217  2218  1919  2202  2202  2412  
634 top                 1684  1670  1639  1719  1559  1688  1492  1917  1793  1768  
635 toward              1017  1022  938   963   1070  1071  1002  1157  1105  1144  
636 town                1351  1137  1106  962   1063  1040  918   971   966   936   
637 trade               1074  722   704   864   810   691   653   830   846   875   
638 tried               919   823   908   837   943   902   793   910   954   944   
639 trump               87    89    58    54    163   84    47    74    871   8705  
640 try                 1011  981   1005  986   1025  951   976   976   998   1106  
641 trying              1617  1477  1474  1511  1499  1488  1416  1564  1547  1604  
642 tuesday             1554  2419  1978  2005  1928  1847  1724  1763  1900  1987  
643 turn                977   956   904   977   920   955   865   933   896   1055  
644 turned              1133  1092  1037  992   1028  1098  1022  1137  1053  1128  
645 two                 8878  8377  7853  8046  8332  8052  7771  8452  8339  8591  
646 under               3116  2968  2954  2939  3074  3152  2788  3074  2944  2911  
647 union               1295  1221  1064  1021  1514  1377  1195  1314  1312  1352  
648 united              4456  4009  3885  3893  3873  3745  3780  4443  4565  4458  
649 university          2371  2291  2153  2443  2715  2784  2504  2776  2533  2581  
650 until               2099  1984  2058  2057  1921  2068  1790  2010  1926  1904  
651 up                  9862  9652  9481  9240  9175  9246  8704  9327  9082  10097 
652 us                  2529  2297  2375  2214  2374  2401  2445  2578  2502  3022  
653 use                 2380  2081  2195  1990  2068  2104  2040  2292  2260  2346  
654 used                2353  2251  2121  2132  2227  2186  2193  2206  2316  2425  
655 using               1145  1039  1080  1019  1144  1034  1048  1199  1165  1294  
656 ve                  2082  2066  1944  2012  2092  2122  2147  2070  2118  2491  
657 very                3201  2916  3222  2992  3097  3182  2990  3197  3300  3452  
658 victory             1012  1188  926   972   816   929   783   852   896   1007  
659 video               955   843   808   917   696   953   820   957   978   1159  
660 view                795   838   856   830   783   795   724   828   842   933   
661 vote                841   1050  736   779   755   912   753   940   821   1425  
662 voters              477   1154  398   655   470   1085  506   923   731   1757  
663 wall                997   1159  1007  885   858   845   744   681   937   1063  
664 want                2901  2712  2951  2693  2837  2775  2638  2809  2790  3116  
665 wanted              1434  1277  1298  1335  1283  1384  1220  1377  1339  1522  
666 war                 2545  1740  1564  1545  1516  1502  1524  1818  1817  1765  
667 was                 41041 37559 35550 36699 37881 39316 36182 39017 39234 43162 
668 washington          1998  1935  1911  1909  1690  1782  1716  1810  1871  1856  
669 water               1195  1117  1428  1074  1599  1136  1203  1211  1298  1240  
670 way                 4542  4143  4195  4148  4162  4314  4259  4325  4201  4695  
671 ways                824   835   828   839   805   837   780   918   822   953   
672 we                  14832 14353 14808 13348 14582 14005 14231 14555 14495 15661 
673 web                 1348  1207  1229  1153  1094  982   807   182   178   201   
674 wednesday           1573  1906  1742  1906  1831  1770  1628  1786  1887  1979  
675 week                3310  3122  3043  3127  3284  2863  2830  3098  3556  3560  
676 weeks               1301  1407  1259  1240  1429  1254  1237  1296  1391  1337  
677 well                3435  3332  3459  3379  3312  3304  3104  3399  3323  3578  
678 went                1850  1741  1662  1615  1724  1810  1639  1745  1562  1890  
679 were                14208 13574 12834 12965 13937 13308 12106 13391 13343 13967 
680 west                2469  2274  1882  2287  1849  1976  1784  1997  1847  1666  
681 what                9099  8389  8826  8445  9028  9067  8533  9160  9129  10761 
682 when                12260 11432 11449 11049 11410 12147 10970 11981 11628 12818 
683 where               5292  4916  4995  4854  5180  5381  5094  5671  5632  6231  
684 whether             2099  1983  2114  1978  2083  2007  1793  2150  2186  2159  
685 which               12930 12199 11774 12063 12552 12505 12147 13063 12981 13183 
686 while               4200  4017  3977  4283  4371  4501  4200  4653  4710  4890  
687 white               2294  2032  2184  2114  1873  2190  1904  2154  2147  2598  
688 who                 21017 20259 19035 19737 19670 20055 18792 20979 20731 22584 
689 whose               1858  1795  1810  1897  1914  1880  1851  1949  1807  1989  
690 why                 1621  1617  1694  1651  1602  1559  1480  1630  1613  1898  
691 wife                1173  1102  1043  987   1052  1150  1067  1087  937   1173  
692 will                11784 12122 11995 11726 11704 11390 10659 11638 11866 11832 
693 win                 1194  1342  1355  1349  1243  1387  1186  1326  1323  1555  
694 with                39525 37726 37207 37725 37556 39358 37111 40539 39492 41672 
695 within              1046  1042  991   981   1056  1056  956   1038  1029  1124  
696 without             2459  2091  2124  2057  2162  2356  2120  2245  2279  2287  
697 woman               1330  1104  1035  1067  981   1108  1063  1151  1209  1565  
698 women               2074  1854  2024  1995  1961  2247  1943  2442  2321  3040  
699 won                 1894  2126  1904  1993  1699  2231  1718  2004  1895  2099  
700 work                4067  4108  3881  4256  4070  4328  4051  4458  4176  4655  
701 worked              1163  1139  1130  1180  1174  1179  1167  1257  1246  1322  
702 workers             1176  1008  993   1023  1176  1112  888   1187  1102  1185  
703 working             1380  1442  1396  1433  1500  1518  1381  1583  1508  1683  
704 works               1332  1535  1456  1445  1461  1725  1658  1689  1369  1424  
705 world               4010  3886  3869  3851  3857  3767  3826  4819  4333  4721  
706 would               13653 12863 12710 12108 12942 12731 11400 11879 12592 13150 
707 wrote               1212  1149  1174  1237  1394  1420  1315  1503  1567  1957  
708 year                7431  7354  7256  7317  7161  7041  6631  7073  7328  7434  
709 years               7649  7214  6874  7055  7255  7416  6936  7705  7405  7874  
710 yet                 1784  1708  1732  1755  1927  1896  1646  1986  1909  2086  
711 york                4871  5254  4546  4823  4255  4813  4540  4811  4581  5402  
712 you                 14570 13822 16011 13876 13611 14014 13967 14398 13628 17533 
713 young               2012  2060  1844  2057  1974  2405  1970  2318  2004  2121  
714 your                3104  3105  3773  3002  3042  3164  3184  3297  3128  4326  
